11:30之后有成交
1526,300291.SZ,300291,2018-04-26,11:30:00.000,10.26,0,0,1497,0,, ,1750833,18018872,10.39,10.21,10.34,10.44,10.28,10.29,10.3,10.31,10.32,10.33,10.34,10.35,10.36,10.37,4100,7800,18300,5900,15200,18500,4300,8100,12200,18100,10.26,10.25,10.24,10.23,10.22,10.21,10.2,10.19,10.18,10.17,3500,3700,55696,48000,47500,45400,46700,7300,8500,13400,10.84,10.08,853300,672496,0,0,0,0,0
1527,300291.SZ,300291,2018-04-26,11:30:03.000,10.28,4100,42148,1500,0,,B,1754933,18061020,10.39,10.21,10.34,10.44,10.29,10.3,10.31,10.32,10.33,10.34,10.35,10.36,10.37,10.38,7800,18300,5900,15200,18500,4300,8100,12200,18100,4700,10.28,10.26,10.25,10.24,10.23,10.22,10.21,10.2,10.19,10.18,11800,3500,3700,55696,48000,47500,45400,46700,7300,8500,10.84,10.09,849200,684296,0,0,0,0,0
1528,300291.SZ,300291,2018-04-26,13:00:03.000,10.28,0,0,1500,0,,B,1754933,18061020,10.39,10.21,10.34,10.44,10.29,10.3,10.31,10.32,10.33,10.34,10.35,10.36,10.37,10.38,9800,18300,5900,15200,18500,4300,8100,12200,18100,4700,10.28,10.26,10.25,10.24,10.23,10.22,10.21,10.2,10.19,10.18,11800,3500,3700,55696,48000,47500,45400,46700,7300,8500,10.84,10.09,852500,684296,0,0,0,0,0

11:30 数据缺失
2449,600259.SH,600259,2019-12-03,11:29:39.000,29.85,0,0,6813,,,3009029,89823291,30.28,29.3,29.3,29.25,29.87,29.88,29.89,29.9,29.91,29.92,29.94,29.95,29.96,29.98,700,900,1100,1000,2700,4700,900,8400,600,1100,29.85,29.81,29.8,29.79,29.78,29.76,29.75,29.74,29.73,29.72,17000,1600,2300,10000,4000,300,1500,500,1200,11600,30.946,29.125,1196410,350764,0,1,1900-01-01 11:29:39,0 days 00:00:12,12.0
2450,600259.SH,600259,2019-12-03,11:29:42.000,29.85,0,0,6813,,,3009029,89823291,30.28,29.3,29.3,29.25,29.87,29.88,29.89,29.9,29.91,29.92,29.94,29.95,29.96,29.98,700,900,1100,1000,2700,4700,900,8400,600,1100,29.85,29.81,29.8,29.79,29.78,29.76,29.75,29.74,29.73,29.72,17000,1600,2300,10000,4000,300,1500,500,1200,11600,30.946,29.125,1196410,350764,0,1,1900-01-01 11:29:39,0 days 00:00:12,12.0
2451,600259.SH,600259,2019-12-03,11:29:45.000,29.85,0,0,6813,,,3009029,89823291,30.28,29.3,29.3,29.25,29.87,29.88,29.89,29.9,29.91,29.92,29.94,29.95,29.96,29.98,700,900,1100,1000,2700,4700,900,8400,600,1100,29.85,29.81,29.8,29.79,29.78,29.76,29.75,29.74,29.73,29.72,17000,1600,2300,10000,4000,300,1500,500,1200,11600,30.946,29.125,1196410,350764,0,1,1900-01-01 11:29:39,0 days 00:00:12,12.0
2452,600259.SH,600259,2019-12-03,11:29:48.000,29.85,0,0,6813,,,3009029,89823291,30.28,29.3,29.3,29.25,29.87,29.88,29.89,29.9,29.91,29.92,29.94,29.95,29.96,29.98,700,900,1100,1000,2700,4700,900,8400,600,1100,29.85,29.81,29.8,29.79,29.78,29.76,29.75,29.74,29.73,29.72,17000,1600,2300,10000,4000,300,1500,500,1200,11600,30.946,29.125,1196410,350764,0,1,1900-01-01 11:29:39,0 days 00:00:12,12.0
2453,600259.SH,600259,2019-12-03,11:29:51.000,29.85,0,0,6813,,,3009029,89823291,30.28,29.3,29.3,29.25,29.87,29.88,29.89,29.9,29.91,29.92,29.94,29.95,29.96,29.98,700,900,1100,1000,2700,4700,900,8400,600,1100,29.85,29.81,29.8,29.79,29.78,29.76,29.75,29.74,29.73,29.72,17000,1600,2300,10000,4000,300,1500,500,1200,11600,30.946,29.125,1196610,350764,0,1,1900-01-01 11:29:51,0 days 00:00:03,3.0
2454,600259.SH,600259,2019-12-03,11:29:54.000,29.85,0,0,6813,,,3009029,89823291,30.28,29.3,29.3,29.25,29.87,29.88,29.89,29.9,29.91,29.92,29.94,29.95,29.96,29.98,700,900,1100,1000,2700,4700,900,8400,600,1100,29.85,29.81,29.8,29.79,29.78,29.76,29.75,29.74,29.73,29.72,17000,1600,2300,10000,4000,300,1400,500,1200,11600,30.946,29.124,1196610,350664,0,1,1900-01-01 11:29:54,0 days 00:00:03,3.0
2455,600259.SH,600259,2019-12-03,11:29:57.000,29.85,0,0,6813,,,3009029,89823291,30.28,29.3,29.3,29.25,29.87,29.88,29.89,29.9,29.91,29.92,29.94,29.95,29.96,29.98,700,900,1100,1000,2700,4700,900,8400,600,1100,29.85,29.81,29.8,29.79,29.78,29.76,29.75,29.74,29.73,29.72,17000,1600,2300,10000,4000,300,1400,500,1200,11600,30.946,29.126,1196610,350464,0,1,1900-01-01 11:29:57,0 days 01:30:03,3.0
2456,600259.SH,600259,2019-12-03,13:00:00.000,29.85,1000,29850,6814,,,3010029,89853141,30.28,29.3,29.3,29.25,29.87,29.88,29.89,29.9,29.91,29.92,29.94,29.95,29.96,29.98,700,900,1100,1000,2700,4700,900,8400,600,1100,29.85,29.81,29.8,29.79,29.78,29.76,29.75,29.74,29.73,29.72,16000,1600,2300,10000,4000,300,1400,500,1200,11600,30.946,29.124,1196610,349464,0,1,1900-01-01 13:00:00,0 days 00:00:03,3.0
2457,600259.SH,600259,2019-12-03,13:00:03.000,29.87,700,20909,6817,,,3010729,89874050,30.28,29.3,29.3,29.25,29.88,29.89,29.9,29.91,29.92,29.94,29.95,29.96,29.98,29.99,2400,1500,1000,2000,4700,900,6300,600,1100,500,29.87,29.85,29.81,29.8,29.79,29.78,29.76,29.75,29.74,29.73,400,16100,1600,1300,10000,4200,300,1400,500,1200,30.948,29.127,1212710,349464,0,1,1900-01-01 13:00:03,0 days 00:00:03,3.0
2458,600259.SH,600259,2019-12-03,13:00:06.000,29.87,2200,65714,6831,,,3012929,89939764,30.28,29.3,29.3,29.25,29.88,29.89,29.9,29.91,29.92,29.94,29.95,29.96,29.98,29.99,4400,1500,1000,2000,4700,900,6300,600,1100,500,29.86,29.85,29.81,29.8,29.79,29.78,29.76,29.75,29.74,29.73,1500,16700,1600,1300,10000,4200,300,1400,500,1200,30.948,29.133,1214910,355764,0,1,1900-01-01 13:00:06,0 days 00:00:03,3.0
2459,600259.SH,600259,2019-12-03,13:00:09.000,29.86,200,5974,6833,,,3013129,89945738,30.28,29.3,29.3,29.25,29.88,29.89,29.9,29.91,29.92,29.94,29.95,29.96,29.98,29.99,4300,1500,1000,2000,4700,900,6300,600,1100,500,29.87,29.86,29.85,29.81,29.8,29.79,29.78,29.76,29.75,29.74,3600,1400,16700,1600,1300,10000,4200,300,1400,500,30.946,29.14,1221110,359164,0,1,1900-01-01 13:00:09,0 days 00:00:03,3.0
2460,600259.SH,600259,2019-12-03,13:00:12.000,29.87,1000,29877,6841,,,3014129,89975615,30.28,29.3,29.3,29.25,29.88,29.89,29.9,29.91,29.92,29.94,29.95,29.96,29.98,29.99,3600,1500,1000,2000,4700,900,6300,600,1100,500,29.87,29.86,29.85,29.81,29.8,29.79,29.78,29.76,29.75,29.74,3300,1600,16700,1700,1300,10000,4200,300,1400,500,30.945,29.141,1220410,362264,0,1,1900-01-01 13:00:12,0 days 00:00:03,3.0
2461,600259.SH,600259,2019-12-03,13:00:15.000,29.87,0,0,6841,,,3014129,89975615,30.28,29.3,29.3,29.25,29.88,29.89,29.9,29.91,29.92,29.94,29.95,29.96,29.98,29.99,3600,1500,1000,2000,4700,900,6300,600,1100,500,29.87,29.86,29.85,29.81,29.8,29.79,29.78,29.76,29.75,29.74,3300,1600,16700,1700,1300,10000,4200,300,1400,500,30.947,29.142,1217410,361564,0,1,1900-01-01 13:00:15,0 days 00:00:03,3.0
2462,600259.SH,600259,2019-12-03,13:00:18.000,29.87,0,0,6841,,,3014129,89975615,30.28,29.3,29.3,29.25,29.88,29.89,29.9,29.91,29.92,29.94,29.95,29.96,29.98,29.99,3600,1500,1000,2000,4700,900,6300,600,1100,500,29.87,29.86,29.85,29.81,29.8,29.79,29.78,29.76,29.75,29.74,3500,1600,16700,1700,1300,10000,4200,300,1400,500,30.947,29.142,1217410,361764,0,1,1900-01-01 13:00:18,0 days 00:00:09,9.0
2463,600259.SH,600259,2019-12-03,13:00:21.000,29.87,0,0,6841,,,3014129,89975615,30.28,29.3,29.3,29.25,29.88,29.89,29.9,29.91,29.92,29.94,29.95,29.96,29.98,29.99,3600,1500,1000,2000,4700,900,6300,600,1100,500,29.87,29.86,29.85,29.81,29.8,29.79,29.78,29.76,29.75,29.74,3500,1600,16700,1700,1300,10000,4200,300,1400,500,30.947,29.142,1217410,361764,0,1,1900-01-01 13:00:18,0 days 00:00:09,9.0
2464,600259.SH,600259,2019-12-03,13:00:24.000,29.87,0,0,6841,,,3014129,89975615,30.28,29.3,29.3,29.25,29.88,29.89,29.9,29.91,29.92,29.94,29.95,29.96,29.98,29.99,3600,1500,1000,2000,4700,900,6300,600,1100,500,29.87,29.86,29.85,29.81,29.8,29.79,29.78,29.76,29.75,29.74,3500,1600,16700,1700,1300,10000,4200,300,1400,500,30.947,29.142,1217410,361764,0,1,1900-01-01 13:00:18,0 days 00:00:09,9.0


多余删除了集合竞价时的数据
41,600369.SH,600369,2018-11-08,09:23:42.000,0.0,0,0,0,0,, ,0,0,0.0,0.0,0.0,3.91,3.92,0.0,0.0,0.0,0.0,0.0,0.0,0.0,0.0,0.0,60600,0,0,0,0,0,0,0,0,0,3.92,0.0,0.0,0.0,0.0,0.0,0.0,0.0,0.0,0.0,60600,44000,0,0,0,0,0,0,0,0,0.0,0.0,0,0,0,0,0,0,0
42,600369.SH,600369,2018-11-08,09:23:42.000,0.0,0,0,0,0,, ,0,0,0.0,0.0,0.0,3.91,3.92,0.0,0.0,0.0,0.0,0.0,0.0,0.0,0.0,0.0,61600,0,0,0,0,0,0,0,0,0,3.92,0.0,0.0,0.0,0.0,0.0,0.0,0.0,0.0,0.0,61600,51900,0,0,0,0,0,0,0,0,0.0,0.0,0,0,0,0,0,0,0
43,600369.SH,600369,2018-11-08,09:23:45.000,0.0,0,0,0,0,, ,0,0,0.0,0.0,0.0,3.91,3.92,0.0,0.0,0.0,0.0,0.0,0.0,0.0,0.0,0.0,61600,0,0,0,0,0,0,0,0,0,3.92,0.0,0.0,0.0,0.0,0.0,0.0,0.0,0.0,0.0,61600,61900,0,0,0,0,0,0,0,0,0.0,0.0,0,0,0,0,0,0,0
44,600369.SH,600369,2018-11-08,09:23:54.000,0.0,0,0,0,0,, ,0,0,0.0,0.0,0.0,3.91,3.92,0.0,0.0,0.0,0.0,0.0,0.0,0.0,0.0,0.0,61600,0,0,0,0,0,0,0,0,0,3.92,0.0,0.0,0.0,0.0,0.0,0.0,0.0,0.0,0.0,61600,66200,0,0,0,0,0,0,0,0,0.0,0.0,0,0,0,0,0,0,0
45,600369.SH,600369,2018-11-08,09:24:03.000,0.0,0,0,0,0,, ,0,0,0.0,0.0,0.0,3.91,3.92,0.0,0.0,0.0,0.0,0.0,0.0,0.0,0.0,0.0,61600,0,0,0,0,0,0,0,0,0,3.92,0.0,0.0,0.0,0.0,0.0,0.0,0.0,0.0,0.0,61600,69000,0,0,0,0,0,0,0,0,0.0,0.0,0,0,0,0,0,0,0
46,600369.SH,600369,2018-11-08,09:24:03.000,0.0,0,0,0,0,, ,0,0,0.0,0.0,0.0,3.91,3.92,0.0,0.0,0.0,0.0,0.0,0.0,0.0,0.0,0.0,68200,0,0,0,0,0,0,0,0,0,3.92,0.0,0.0,0.0,0.0,0.0,0.0,0.0,0.0,0.0,68200,68400,0,0,0,0,0,0,0,0,0.0,0.0,0,0,0,0,0,0,0
47,600369.SH,600369,2018-11-08,09:24:09.000,0.0,0,0,0,0,, ,0,0,0.0,0.0,0.0,3.91,3.92,0.0,0.0,0.0,0.0,0.0,0.0,0.0,0.0,0.0,68200,0,0,0,0,0,0,0,0,0,3.92,0.0,0.0,0.0,0.0,0.0,0.0,0.0,0.0,0.0,68200,92800,0,0,0,0,0,0,0,0,0.0,0.0,0,0,0,0,0,0,0
48,600369.SH,600369,2018-11-08,09:24:09.000,0.0,0,0,0,0,, ,0,0,0.0,0.0,0.0,3.91,3.92,0.0,0.0,0.0,0.0,0.0,0.0,0.0,0.0,0.0,68200,0,0,0,0,0,0,0,0,0,3.92,0.0,0.0,0.0,0.0,0.0,0.0,0.0,0.0,0.0,68200,93800,0,0,0,0,0,0,0,0,0.0,0.0,0,0,0,0,0,0,0
49,600369.SH,600369,2018-11-08,09:24:15.000,0.0,0,0,0,0,, ,0,0,0.0,0.0,0.0,3.91,3.92,0.0,0.0,0.0,0.0,0.0,0.0,0.0,0.0,0.0,68200,0,0,0,0,0,0,0,0,0,3.92,0.0,0.0,0.0,0.0,0.0,0.0,0.0,0.0,0.0,68200,93900,0,0,0,0,0,0,0,0,0.0,0.0,0,0,0,0,0,0,0
50,600369.SH,600369,2018-11-08,09:24:21.000,0.0,0,0,0,0,, ,0,0,0.0,0.0,0.0,3.91,3.92,0.0,0.0,0.0,0.0,0.0,0.0,0.0,0.0,0.0,68200,0,0,0,0,0,0,0,0,0,3.92,0.0,0.0,0.0,0.0,0.0,0.0,0.0,0.0,0.0,68200,113300,0,0,0,0,0,0,0,0,0.0,0.0,0,0,0,0,0,0,0
51,600369.SH,600369,2018-11-08,09:24:21.000,0.0,0,0,0,0,, ,0,0,0.0,0.0,0.0,3.91,3.92,0.0,0.0,0.0,0.0,0.0,0.0,0.0,0.0,0.0,68200,0,0,0,0,0,0,0,0,0,3.92,0.0,0.0,0.0,0.0,0.0,0.0,0.0,0.0,0.0,68200,117300,0,0,0,0,0,0,0,0,0.0,0.0,0,0,0,0,0,0,0
52,600369.SH,600369,2018-11-08,09:24:27.000,0.0,0,0,0,0,, ,0,0,0.0,0.0,0.0,3.91,3.92,0.0,0.0,0.0,0.0,0.0,0.0,0.0,0.0,0.0,68200,0,0,0,0,0,0,0,0,0,3.92,0.0,0.0,0.0,0.0,0.0,0.0,0.0,0.0,0.0,68200,191300,0,0,0,0,0,0,0,0,0.0,0.0,0,0,0,0,0,0,0
53,600369.SH,600369,2018-11-08,09:24:27.000,0.0,0,0,0,0,, ,0,0,0.0,0.0,0.0,3.91,3.92,0.0,0.0,0.0,0.0,0.0,0.0,0.0,0.0,0.0,71200,0,0,0,0,0,0,0,0,0,3.92,0.0,0.0,0.0,0.0,0.0,0.0,0.0,0.0,0.0,71200,198300,0,0,0,0,0,0,0,0,0.0,0.0,0,0,0,0,0,0,0
54,600369.SH,600369,2018-11-08,09:24:30.000,0.0,0,0,0,0,, ,0,0,0.0,0.0,0.0,3.91,3.92,0.0,0.0,0.0,0.0,0.0,0.0,0.0,0.0,0.0,71200,0,0,0,0,0,0,0,0,0,3.92,0.0,0.0,0.0,0.0,0.0,0.0,0.0,0.0,0.0,71200,213300,0,0,0,0,0,0,0,0,0.0,0.0,0,0,0,0,0,0,0
55,600369.SH,600369,2018-11-08,09:24:36.000,0.0,0,0,0,0,, ,0,0,0.0,0.0,0.0,3.91,3.92,0.0,0.0,0.0,0.0,0.0,0.0,0.0,0.0,0.0,71200,0,0,0,0,0,0,0,0,0,3.92,0.0,0.0,0.0,0.0,0.0,0.0,0.0,0.0,0.0,71200,213500,0,0,0,0,0,0,0,0,0.0,0.0,0,0,0,0,0,0,0
56,600369.SH,600369,2018-11-08,09:24:36.000,0.0,0,0,0,0,, ,0,0,0.0,0.0,0.0,3.91,3.93,0.0,0.0,0.0,0.0,0.0,0.0,0.0,0.0,0.0,73900,48800,0,0,0,0,0,0,0,0,3.93,0.0,0.0,0.0,0.0,0.0,0.0,0.0,0.0,0.0,73900,0,0,0,0,0,0,0,0,0,0.0,0.0,0,0,0,0,0,0,0
57,600369.SH,600369,2018-11-08,09:24:39.000,0.0,0,0,0,0,, ,0,0,0.0,0.0,0.0,3.91,3.93,0.0,0.0,0.0,0.0,0.0,0.0,0.0,0.0,0.0,122700,0,0,0,0,0,0,0,0,0,3.93,0.0,0.0,0.0,0.0,0.0,0.0,0.0,0.0,0.0,122700,21500,0,0,0,0,0,0,0,0,0.0,0.0,0,0,0,0,0,0,0
58,600369.SH,600369,2018-11-08,09:24:39.000,0.0,0,0,0,0,, ,0,0,0.0,0.0,0.0,3.91,3.93,0.0,0.0,0.0,0.0,0.0,0.0,0.0,0.0,0.0,122700,0,0,0,0,0,0,0,0,0,3.93,0.0,0.0,0.0,0.0,0.0,0.0,0.0,0.0,0.0,122700,25000,0,0,0,0,0,0,0,0,0.0,0.0,0,0,0,0,0,0,0
59,600369.SH,600369,2018-11-08,09:24:51.000,0.0,0,0,0,0,, ,0,0,0.0,0.0,0.0,3.91,3.93,0.0,0.0,0.0,0.0,0.0,0.0,0.0,0.0,0.0,122700,0,0,0,0,0,0,0,0,0,3.93,0.0,0.0,0.0,0.0,0.0,0.0,0.0,0.0,0.0,122700,78800,0,0,0,0,0,0,0,0,0.0,0.0,0,0,0,0,0,0,0
60,600369.SH,600369,2018-11-08,09:24:51.000,0.0,0,0,0,0,, ,0,0,0.0,0.0,0.0,3.91,3.94,0.0,0.0,0.0,0.0,0.0,0.0,0.0,0.0,0.0,158500,0,0,0,0,0,0,0,0,0,3.94,0.0,0.0,0.0,0.0,0.0,0.0,0.0,0.0,0.0,158500,37400,0,0,0,0,0,0,0,0,0.0,0.0,0,0,0,0,0,0,0
61,600369.SH,600369,2018-11-08,09:24:57.000,0.0,0,0,0,0,, ,0,0,0.0,0.0,0.0,3.91,3.94,0.0,0.0,0.0,0.0,0.0,0.0,0.0,0.0,0.0,158500,0,0,0,0,0,0,0,0,0,3.94,0.0,0.0,0.0,0.0,0.0,0.0,0.0,0.0,0.0,158500,81400,0,0,0,0,0,0,0,0,0.0,0.0,0,0,0,0,0,0,0

收盘计算问题
4808,600369.SH,600369,2018-11-08,14:59:58.000,3.81,0,0,17883,0,, ,63943021,247743346,3.96,3.76,3.94,3.91,3.81,0.0,0.0,0.0,0.0,0.0,0.0,0.0,0.0,0.0,806300,0,0,0,0,0,0,0,0,0,3.81,0.0,0.0,0.0,0.0,0.0,0.0,0.0,0.0,0.0,806300,421900,0,0,0,0,0,0,0,0,4.081,3.701,12795643,4595500,0,0,0,0,0
4809,600369.SH,600369,2018-11-08,15:00:00.000,3.81,806300,3072003,17987,0,, ,64749321,250815349,3.96,3.76,3.94,3.91,3.82,3.83,3.84,3.85,3.86,3.87,3.88,3.89,3.9,3.91,148900,285743,146600,231500,177800,91000,168300,164100,127100,111000,3.81,3.8,3.79,3.78,3.77,3.76,3.75,3.74,3.73,3.72,422900,458200,117900,301900,143000,673900,359600,95600,55700,65900,4.08,3.705,12863743,4787600,0,0,0,0,0
4810,600369.SH,600369,2018-11-08,15:00:00.000,3.81,0,0,17987,0,, ,64749321,250815349,3.96,3.76,3.94,3.91,3.82,3.83,3.84,3.85,3.86,3.87,3.88,3.89,3.9,3.91,148900,285743,146600,231500,177800,91000,168300,164100,127100,111000,3.81,3.8,3.79,3.78,3.77,3.76,3.75,3.74,3.73,3.72,422900,458200,117900,301900,143000,673900,359600,95600,55700,65900,4.08,3.705,12863743,4787600,0,0,0,0,0

4806,600369.SH,600369,2018-11-08,14:59:54.000,3.81,0,0,17883,, ,63943021,247743346,3.96,3.76,3.94,3.91,3.81,0.0,0.0,0.0,0.0,0.0,0.0,0.0,0.0,0.0,780000,0,0,0,0,0,0,0,0,0,3.81,0.0,0.0,0.0,0.0,0.0,0.0,0.0,0.0,0.0,780000,242200,0,0,0,0,0,0,0,0,4.081,3.701,12795643,4595500,0,1,1900-01-01 14:59:48,0 days 00:00:09,9.0
4807,600369.SH,600369,2018-11-08,14:59:57.000,3.81,0,0,17883,, ,63943021,247743346,3.96,3.76,3.94,3.91,3.81,0.0,0.0,0.0,0.0,0.0,0.0,0.0,0.0,0.0,780000,0,0,0,0,0,0,0,0,0,3.81,0.0,0.0,0.0,0.0,0.0,0.0,0.0,0.0,0.0,780000,250200,0,0,0,0,0,0,0,0,4.081,3.701,12795643,4595500,0,1,1900-01-01 14:59:57,0 days 00:00:03,3.0
4808,600369.SH,600369,2018-11-08,15:00:00.000,3.81,0,0,17883,, ,63943021,247743346,3.96,3.76,3.94,3.91,3.81,0.0,0.0,0.0,0.0,0.0,0.0,0.0,0.0,0.0,806300,0,0,0,0,0,0,0,0,0,3.81,0.0,0.0,0.0,0.0,0.0,0.0,0.0,0.0,0.0,806300,421900,0,0,0,0,0,0,0,0,4.081,3.701,12795643,4595500,0,1,1900-01-01 15:00:00,,
为什么会有这样的数据？
4226,600259.SH,600259,2019-12-03,14:59:45.000,29.97,0,0,9609,0,,,4159628,124187646,30.28,29.3,29.3,29.25,29.96,0.0,0.0,0.0,0.0,0.0,0.0,0.0,0.0,0.0,58600,0,0,0,0,0,0,0,0,0,29.96,0.0,0.0,0.0,0.0,0.0,0.0,0.0,0.0,0.0,58600,8800,0,0,0,0,0,0,0,0,30.913,29.344,1175110,349568,0,0,0,0,0
4227,600259.SH,600259,2019-12-03,14:59:54.000,29.97,0,0,9609,0,,,4159628,124187646,30.28,29.3,29.3,29.25,29.96,0.0,0.0,0.0,0.0,0.0,0.0,0.0,0.0,0.0,58600,0,0,0,0,0,0,0,0,0,29.96,0.0,0.0,0.0,0.0,0.0,0.0,0.0,0.0,0.0,58600,10000,0,0,0,0,0,0,0,0,30.913,29.344,1175110,349568,0,0,0,0,0
4228,600259.SH,600259,2019-12-03,15:00:00.000,29.96,58600,1755656,9742,0,,,4218228,125943302,30.28,29.3,29.3,29.25,29.97,29.98,29.99,30.0,30.01,30.02,30.03,30.05,30.06,30.07,9700,25600,7600,18100,800,600,900,2100,200,2600,29.96,29.95,29.94,29.93,29.92,29.91,29.9,29.89,29.88,29.87,10000,5004,4900,6300,9100,7400,5400,1600,10000,6700,30.903,29.366,1187510,362768,0,0,0,0,0
4229,600259.SH,600259,2019-12-03,15:00:44.000,29.96,0,0,9742,0,,,4218228,125943302,30.28,29.3,29.3,29.25,29.97,29.98,29.99,30.0,30.01,30.02,30.03,30.05,30.06,30.07,9700,25600,7600,18100,800,600,900,2100,200,2600,29.96,29.95,29.94,29.93,29.92,29.91,29.9,29.89,29.88,29.87,10000,5004,4900,6300,9100,7400,5400,1600,10000,6700,30.903,29.366,1187510,362768,0,0,0,0,0
4230,600259.SH,600259,2019-12-03,15:00:44.000,29.96,0,0,9742,0,,,4218228,125943302,30.28,29.3,29.3,29.25,29.97,29.98,29.99,30.0,30.01,30.02,30.03,30.05,30.06,30.07,9700,25600,7600,18100,800,600,900,2100,200,2600,29.96,29.95,29.94,29.93,29.92,29.91,29.9,29.89,29.88,29.87,10000,5004,4900,6300,9100,7400,5400,1600,10000,6700,30.903,29.366,1187510,362768,0,0,0,0,0

4874,600259.SH,600259,2019-12-03,14:59:51.000,29.97,0,0,9609,,,4159628,124187646,30.28,29.3,29.3,29.25,29.96,0.0,0.0,0.0,0.0,0.0,0.0,0.0,0.0,0.0,58600,0,0,0,0,0,0,0,0,0,29.96,0.0,0.0,0.0,0.0,0.0,0.0,0.0,0.0,0.0,58600,8800,0,0,0,0,0,0,0,0,30.913,29.344,1175110,349568,0,1,1900-01-01 14:59:45,0 days 00:00:09,9.0
4875,600259.SH,600259,2019-12-03,14:59:54.000,29.97,0,0,9609,,,4159628,124187646,30.28,29.3,29.3,29.25,29.96,0.0,0.0,0.0,0.0,0.0,0.0,0.0,0.0,0.0,58600,0,0,0,0,0,0,0,0,0,29.96,0.0,0.0,0.0,0.0,0.0,0.0,0.0,0.0,0.0,58600,10000,0,0,0,0,0,0,0,0,30.913,29.344,1175110,349568,0,1,1900-01-01 14:59:54,,

数据缺失
2467,000012.SZ,12,2020-08-11,11:29:57.000,6.43,9200,59156,14594,,,35741787,233421690,6.65,6.42,6.43,6.37,6.43,6.44,6.45,6.46,6.47,6.48,6.49,6.5,6.51,6.52,17900,17300,33500,30600,35700,74905,98800,246718,27241,40300,6.42,6.41,6.4,6.39,6.38,6.37,6.36,6.35,6.34,6.33,648979,93100,261000,17800,152300,58100,53400,75100,15700,35700,6.78,6.28,13433201,2789179,0,1,1900-01-01 11:29:57,0 days 00:00:03,3.0
2468,000012.SZ,12,2020-08-11,11:30:00.000,6.42,9000,57790,14597,,,35750787,233479480,6.65,6.42,6.43,6.37,6.43,6.44,6.45,6.46,6.47,6.48,6.49,6.5,6.51,6.52,17100,17300,33500,30600,35700,74905,98800,246718,27241,40300,6.42,6.41,6.4,6.39,6.38,6.37,6.36,6.35,6.34,6.33,637279,93100,261000,17800,152300,58100,53400,75100,15700,35700,6.78,6.28,13425601,2777479,0,1,1900-01-01 11:30:00,0 days 00:01:00,60.0
2469,000012.SZ,12,2020-08-11,13:00:00.000,6.42,7900,50793,14603,,,35758687,233530273,6.65,6.42,6.43,6.37,6.43,6.44,6.45,6.46,6.47,6.48,6.49,6.5,6.51,6.52,10600,17300,33500,30600,35700,74905,96600,246718,27241,40300,6.42,6.41,6.4,6.39,6.38,6.37,6.36,6.35,6.34,6.33,642179,93100,262000,17800,142800,58100,53400,75100,15700,35900,6.78,6.28,13354584,2775079,0,1,1900-01-01 13:00:00,0 days 00:00:03,3.0
2470,000012.SZ,12,2020-08-11,13:00:03.000,6.43,62000,398984,14641,,,35820687,233929257,6.65,6.42,6.43,6.37,6.45,6.46,6.47,6.48,6.49,6.5,6.51,6.52,6.53,6.54,20300,28100,35700,81905,96600,255718,27494,34200,55016,24500,6.44,6.43,6.42,6.41,6.4,6.39,6.38,6.37,6.36,6.35,300,345200,663979,101400,279700,30200,146800,61000,52200,75800,6.78,6.3,13537791,3218879,0,1,1900-01-01 13:00:03,0 days 00:00:03,3.0
2471,000012.SZ,12,2020-08-11,13:00:06.000,6.45,3600,23220,14643,,,35824287,233952477,6.65,6.42,6.43,6.37,6.45,6.46,6.47,6.48,6.49,6.5,6.51,6.52,6.53,6.54,16900,28100,35700,81905,96600,256718,27494,34200,55516,24500,6.44,6.43,6.42,6.41,6.4,6.39,6.38,6.37,6.36,6.35,500,357500,659279,101900,277100,35200,146400,61000,52200,77000,6.78,6.3,13567082,3223079,0,1,1900-01-01 13:00:06,0 days 00:00:03,3.0
2472,000012.SZ,12,2020-08-11,13:00:09.000,6.43,827,5323,14648,,,35825114,233957800,6.65,6.42,6.43,6.37,6.45,6.46,6.47,6.48,6.49,6.5,6.51,6.52,6.53,6.54,16800,28100,35700,81905,96600,261718,27494,35300,56616,24500,6.43,6.42,6.41,6.4,6.39,6.38,6.37,6.36,6.35,6.34,369273,665479,101900,277100,35200,146400,61000,52200,77500,13700,6.77,6.3,13573682,3246452,0,1,1900-01-01 13:00:09,0 days 00:00:03,3.0
2473,000012.SZ,12,2020-08-11,13:00:12.000,6.44,3300,21223,14652,,,35828414,233979023,6.65,6.42,6.43,6.37,6.45,6.46,6.47,6.48,6.49,6.5,6.51,6.52,6.53,6.54,17300,28100,35700,81905,96600,261718,27494,35300,56616,24500,6.44,6.43,6.42,6.41,6.4,6.39,6.38,6.37,6.36,6.35,100,370273,665479,101900,276600,35200,146400,61000,52200,77500,6.77,6.3,13566882,3241052,0,1,1900-01-01 13:00:12,0 days 00:00:03,3.0
2474,000012.SZ,12,2020-08-11,13:00:15.000,6.44,100,644,14653,,,35828514,233979667,6.65,6.42,6.43,6.37,6.44,6.45,6.46,6.47,6.48,6.49,6.5,6.51,6.52,6.53,12000,17200,28100,35700,81905,99600,261718,27494,35300,56616,6.43,6.42,6.41,6.4,6.39,6.38,6.37,6.36,6.35,6.34,370273,665479,101900,276600,35200,146400,61000,52200,77500,13700,6.77,6.3,13581282,3244952,0,1,1900-01-01 13:00:15,0 days 00:00:03,3.0
2475,000012.SZ,12,2020-08-11,13:00:18.000,6.44,12200,78568,14657,,,35840714,234058235,6.65,6.42,6.43,6.37,6.45,6.46,6.47,6.48,6.49,6.5,6.51,6.52,6.53,6.54,17200,28100,35700,81905,99600,261718,27494,35300,55516,24500,6.44,6.43,6.42,6.41,6.4,6.39,6.38,6.37,6.36,6.35,19600,370273,665679,101900,276800,35200,146400,61000,52200,77500,6.77,6.3,13566282,3264952,0,1,1900-01-01 13:00:18,0 days 00:00:03,3.0
2476,000012.SZ,12,2020-08-11,13:00:21.000,6.44,100,644,14658,,,35840814,234058879,6.65,6.42,6.43,6.37,6.45,6.46,6.47,6.48,6.49,6.5,6.51,6.52,6.53,6.54,17300,28100,35700,81905,99600,261718,27494,35300,55516,24500,6.44,6.43,6.42,6.41,6.4,6.39,6.38,6.37,6.36,6.35,10200,370273,665879,101900,276800,35200,146400,61000,52200,77500,6.77,6.3,13569382,3255752,0,1,1900-01-01 13:00:21,0 days 00:00:03,3.0
2477,000012.SZ,12,2020-08-11,13:00:24.000,6.44,700,4508,14661,,,35841514,234063387,6.65,6.42,6.43,6.37,6.45,6.46,6.47,6.48,6.49,6.5,6.51,6.52,6.53,6.54,17800,28100,35700,81905,99600,261718,27494,35300,55516,24500,6.44,6.43,6.42,6.41,6.4,6.39,6.38,6.37,6.36,6.35,12500,370273,665879,101900,276800,35200,146400,61000,52200,77500,6.77,6.3,13569882,3258052,0,1,1900-01-01 13:00:24,0 days 00:00:03,3.0
2478,000012.SZ,12,2020-08-11,13:00:27.000,6.44,100,644,14662,,,35841614,234064031,6.65,6.42,6.43,6.37,6.45,6.46,6.47,6.48,6.49,6.5,6.51,6.52,6.53,6.54,17900,28100,35700,81905,99600,261718,27494,35300,55516,24500,6.44,6.43,6.42,6.41,6.4,6.39,6.38,6.37,6.36,6.35,43400,370273,665879,101900,276600,35200,146400,61000,52200,77500,6.77,6.31,13569982,3288752,0,1,1900-01-01 13:00:27,0 days 00:00:03,3.0
2479,000012.SZ,12,2020-08-11,13:00:33.000,6.45,6200,39989,14666,,,35847814,234104020,6.65,6.42,6.43,6.37,6.45,6.46,6.47,6.48,6.49,6.5,6.51,6.52,6.53,6.54,21800,28100,35700,81905,99600,261718,27494,35300,55516,24500,6.44,6.43,6.42,6.41,6.4,6.39,6.38,6.37,6.36,6.35,58400,374073,665879,101900,276600,35200,146400,61000,52200,77500,6.77,6.31,13573882,3309552,0,1,1900-01-01 13:00:33,0 days 00:00:03,3.0
2480,000012.SZ,12,2020-08-11,13:00:36.000,6.44,200,1288,14668,,,35848014,234105308,6.65,6.42,6.43,6.37,6.45,6.46,6.47,6.48,6.49,6.5,6.51,6.52,6.53,6.54,21800,28100,35700,81905,99600,261718,27494,35300,55516,24500,6.44,6.43,6.42,6.41,6.4,6.39,6.38,6.37,6.36,6.35,94200,374073,665879,101900,276600,35200,146400,61000,52200,77500,6.77,6.31,13573582,3345352,0,1,1900-01-01 13:00:36,0 days 00:00:03,3.0
2481,000012.SZ,12,2020-08-11,13:00:42.000,6.44,8200,52888,14671,,,35856214,234158196,6.65,6.42,6.43,6.37,6.45,6.46,6.47,6.48,6.49,6.5,6.51,6.52,6.53,6.54,23600,28100,35700,81905,99600,261718,27494,35300,55516,24500,6.44,6.43,6.42,6.41,6.4,6.39,6.38,6.37,6.36,6.35,94000,374073,665879,101900,276600,35200,146400,61000,52200,77500,6.77,6.31,13575382,3345152,0,1,1900-01-01 13:00:42,0 days 00:00:03,3.0
2482,000012.SZ,12,2020-08-11,13:00:48.000,6.44,3000,19320,14672,,,35859214,234177516,6.65,6.42,6.43,6.37,6.45,6.46,6.47,6.48,6.49,6.5,6.51,6.52,6.53,6.54,23600,32100,35700,81905,99600,261718,27494,35300,55516,24500,6.44,6.43,6.42,6.41,6.4,6.39,6.38,6.37,6.36,6.35,101000,374073,665879,101900,276600,35200,146400,61000,52200,77500,6.77,6.31,13579382,3352152,0,1,1900-01-01 13:00:48,0 days 00:00:03,3.0
2483,000012.SZ,12,2020-08-11,13:00:51.000,6.44,1600,10304,14674,,,35860814,234187820,6.65,6.42,6.43,6.37,6.45,6.46,6.47,6.48,6.49,6.5,6.51,6.52,6.53,6.54,23500,32100,35700,81905,99600,261718,27494,35300,55516,24500,6.44,6.43,6.42,6.41,6.4,6.39,6.38,6.37,6.36,6.35,100200,368573,666679,101900,276600,35200,146400,61000,52200,77500,6.77,6.31,13579282,3346652,0,1,1900-01-01 13:00:51,0 days 00:00:03,3.0
2484,000012.SZ,12,2020-08-11,13:00:54.000,6.45,7600,49019,14682,,,35868414,234236839,6.65,6.42,6.43,6.37,6.45,6.46,6.47,6.48,6.49,6.5,6.51,6.52,6.53,6.54,16000,32100,35700,81905,99600,261718,27494,35300,55516,24500,6.44,6.43,6.42,6.41,6.4,6.39,6.38,6.37,6.36,6.35,101000,369073,666679,101900,276600,35200,146400,61000,52200,77500,6.77,6.31,13571782,3347952,0,1,1900-01-01 13:00:54,0 days 00:00:03,3.0
2485,000012.SZ,12,2020-08-11,13:00:57.000,6.44,100,644,14683,,,35868514,234237483,6.65,6.42,6.43,6.37,6.45,6.46,6.47,6.48,6.49,6.5,6.51,6.52,6.53,6.54,16100,32100,35700,81905,99600,261718,27494,35300,55516,24500,6.44,6.43,6.42,6.41,6.4,6.39,6.38,6.37,6.36,6.35,100900,369073,666679,101900,276600,35200,146400,61000,52200,77500,6.77,6.31,13571882,3348452,0,1,1900-01-01 13:00:57,0 days 00:00:03,3.0
2486,000012.SZ,12,2020-08-11,13:01:00.000,6.45,16900,109005,14690,,,35885414,234346488,6.65,6.42,6.43,6.37,6.46,6.47,6.48,6.49,6.5,6.51,6.52,6.53,6.54,6.55,32100,35700,81905,99600,261718,27494,35300,55516,24500,75444,6.45,6.44,6.43,6.42,6.41,6.4,6.39,6.38,6.37,6.36,3100,102900,347600,666679,101900,276600,35200,146400,61000,52200,6.78,6.31,13555782,3332079,0,1,1900-01-01 13:01:00,0 days 00:00:03,3.0
2487,000012.SZ,12,2020-08-11,13:01:03.000,6.45,100,645,14691,,,35885514,234347133,6.65,6.42,6.43,6.37,6.46,6.47,6.48,6.49,6.5,6.51,6.52,6.53,6.54,6.55,32100,35700,81905,99600,261718,27494,35300,55516,24500,75444,6.45,6.44,6.43,6.42,6.41,6.4,6.39,6.38,6.37,6.36,3000,112900,347600,666679,101900,276600,35200,146400,61000,52200,6.78,6.31,13555782,3341979,0,1,1900-01-01 13:01:03,0 days 00:00:03,3.0
2488,000012.SZ,12,2020-08-11,13:01:06.000,6.46,2000,12920,14692,,,35887514,234360053,6.65,6.42,6.43,6.37,6.46,6.47,6.48,6.49,6.5,6.51,6.52,6.53,6.54,6.55,38200,35700,81905,99600,261718,27494,35300,55516,24500,75444,6.45,6.44,6.43,6.42,6.41,6.4,6.39,6.38,6.37,6.36,3000,112900,347600,667179,101900,276600,35200,146400,61000,52200,6.77,6.31,13561082,3342479,0,1,1900-01-01 13:01:06,0 days 00:00:03,3.0
2489,000012.SZ,12,2020-08-11,13:01:09.000,6.46,10000,64600,14693,,,35897514,234424653,6.65,6.42,6.43,6.37,6.46,6.47,6.48,6.49,6.5,6.51,6.52,6.53,6.54,6.55,44500,35700,81905,99600,261718,27494,35300,55516,24500,75444,6.45,6.44,6.43,6.42,6.41,6.4,6.39,6.38,6.37,6.36,3000,112900,347600,667179,101900,276600,35200,146400,61000,52200,6.77,6.31,13572082,3342479,0,1,1900-01-01 13:01:09,0 days 00:00:03,3.0

2444,000012.SZ,12,2020-08-11,13:00:21.000,6.44,100,644,14658,0,,,35840814,234058879,6.65,6.42,6.43,6.37,6.45,6.46,6.47,6.48,6.49,6.5,6.51,6.52,6.53,6.54,17300,28100,35700,81905,99600,261718,27494,35300,55516,24500,6.44,6.43,6.42,6.41,6.4,6.39,6.38,6.37,6.36,6.35,10200,370273,665879,101900,276800,35200,146400,61000,52200,77500,6.77,6.3,13569382,3255752,0,0,0,0,0
2445,000012.SZ,12,2020-08-11,13:00:24.000,6.44,700,4508,14661,0,,,35841514,234063387,6.65,6.42,6.43,6.37,6.45,6.46,6.47,6.48,6.49,6.5,6.51,6.52,6.53,6.54,17800,28100,35700,81905,99600,261718,27494,35300,55516,24500,6.44,6.43,6.42,6.41,6.4,6.39,6.38,6.37,6.36,6.35,12500,370273,665879,101900,276800,35200,146400,61000,52200,77500,6.77,6.3,13569882,3258052,0,0,0,0,0
2446,000012.SZ,12,2020-08-11,13:00:27.000,6.44,100,644,14662,0,,,35841614,234064031,6.65,6.42,6.43,6.37,6.45,6.46,6.47,6.48,6.49,6.5,6.51,6.52,6.53,6.54,17900,28100,35700,81905,99600,261718,27494,35300,55516,24500,6.44,6.43,6.42,6.41,6.4,6.39,6.38,6.37,6.36,6.35,43400,370273,665879,101900,276600,35200,146400,61000,52200,77500,6.77,6.31,13569982,3288752,0,0,0,0,0
2447,000012.SZ,12,2020-08-11,13:00:30.000,6.44,0,0,14662,0,,,35841614,234064031,6.65,6.42,6.43,6.37,6.45,6.46,6.47,6.48,6.49,6.5,6.51,6.52,6.53,6.54,27800,28100,35700,81905,99600,261718,27494,35300,55516,24500,6.44,6.43,6.42,6.41,6.4,6.39,6.38,6.37,6.36,6.35,53400,370273,665879,101900,276600,35200,146400,61000,52200,77500,6.77,6.31,13579882,3300752,0,0,0,0,0
2448,000012.SZ,12,2020-08-11,13:00:33.000,6.45,6200,39989,14666,0,,,35847814,234104020,6.65,6.42,6.43,6.37,6.45,6.46,6.47,6.48,6.49,6.5,6.51,6.52,6.53,6.54,21800,28100,35700,81905,99600,261718,27494,35300,55516,24500,6.44,6.43,6.42,6.41,6.4,6.39,6.38,6.37,6.36,6.35,58400,374073,665879,101900,276600,35200,146400,61000,52200,77500,6.77,6.31,13573882,3309552,0,0,0,0,0
2449,000012.SZ,12,2020-08-11,13:00:36.000,6.44,200,1288,14668,0,,,35848014,234105308,6.65,6.42,6.43,6.37,6.45,6.46,6.47,6.48,6.49,6.5,6.51,6.52,6.53,6.54,21800,28100,35700,81905,99600,261718,27494,35300,55516,24500,6.44,6.43,6.42,6.41,6.4,6.39,6.38,6.37,6.36,6.35,94200,374073,665879,101900,276600,35200,146400,61000,52200,77500,6.77,6.31,13573582,3345352,0,0,0,0,0


整天没有成交量？
20220520_002008